43	10.238	-45.744
36	10.238	-45.744
28	10.238	-45.744
-28	10.238	-45.744
-36	10.238	-45.744
-43	10.238	-45.744
50	3.01	-45.744
43	3.01	-45.744
36	3.01	-45.744
28	3.01	-45.744
21	3.01	-45.744
14	3.01	-45.744
-14	3.01	-45.744
-21	3.01	-45.744
-28	3.01	-45.744
-36	3.01	-45.744
-43	3.01	-45.744
-50	3.01	-45.744
50	-4.218	-45.744
43	-4.218	-45.744
36	-4.218	-45.744
28	-4.218	-45.744
21	-4.218	-45.744
-21	-4.218	-45.744
-28	-4.218	-45.744
-36	-4.218	-45.744
-43	-4.218	-45.744
-50	-4.218	-45.744
50	-11.45	-45.744
43	-11.45	-45.744
36	-11.45	-45.744
28	-11.45	-45.744
21	-11.45	-45.744
-21	-11.45	-45.744
-28	-11.45	-45.744
-36	-11.45	-45.744
-43	-11.45	-45.744
-50	-11.45	-45.744
36	-18.68	-45.744
28	-18.68	-45.744
-28	-18.68	-45.744
-36	-18.68	-45.744
36	24.695	-38.515
-36	24.695	-38.515
43	17.466	-38.515
36	17.466	-38.515
28	17.466	-38.515
-28	17.466	-38.515
-36	17.466	-38.515
-43	17.466	-38.515
50	10.238	-38.515
43	10.238	-38.515
36	10.238	-38.515
28	10.238	-38.515
-28	10.238	-38.515
-36	10.238	-38.515
-43	10.238	-38.515
-50	10.238	-38.515
50	3.01	-38.515
43	3.01	-38.515
36	3.01	-38.515
28	3.01	-38.515
21	3.01	-38.515
14	3.01	-38.515
-14	3.01	-38.515
-21	3.01	-38.515
-28	3.01	-38.515
-36	3.01	-38.515
-43	3.01	-38.515
-50	3.01	-38.515
57	-4.218	-38.515
50	-4.218	-38.515
43	-4.218	-38.515
36	-4.218	-38.515
28	-4.218	-38.515
21	-4.218	-38.515
14	-4.218	-38.515
-14	-4.218	-38.515
-21	-4.218	-38.515
-28	-4.218	-38.515
-36	-4.218	-38.515
-43	-4.218	-38.515
-50	-4.218	-38.515
-57	-4.218	-38.515
57	-11.45	-38.515
50	-11.45	-38.515
43	-11.45	-38.515
36	-11.45	-38.515
28	-11.45	-38.515
21	-11.45	-38.515
-21	-11.45	-38.515
-28	-11.45	-38.515
-36	-11.45	-38.515
-43	-11.45	-38.515
-50	-11.45	-38.515
-57	-11.45	-38.515
57	-18.68	-38.515
50	-18.68	-38.515
43	-18.68	-38.515
36	-18.68	-38.515
-36	-18.68	-38.515
-43	-18.68	-38.515
-50	-18.68	-38.515
-57	-18.68	-38.515
7	53.608	-31.287
-7	53.608	-31.287
7	46.379	-31.287
-7	46.379	-31.287
7	39.151	-31.287
-7	39.151	-31.287
7	31.923	-31.287
-7	31.923	-31.287
43	24.695	-31.287
36	24.695	-31.287
-36	24.695	-31.287
-43	24.695	-31.287
50	17.466	-31.287
43	17.466	-31.287
36	17.466	-31.287
28	17.466	-31.287
-28	17.466	-31.287
-36	17.466	-31.287
-43	17.466	-31.287
-50	17.466	-31.287
57	10.238	-31.287
50	10.238	-31.287
43	10.238	-31.287
36	10.238	-31.287
28	10.238	-31.287
21	10.238	-31.287
-21	10.238	-31.287
-28	10.238	-31.287
-36	10.238	-31.287
-43	10.238	-31.287
-50	10.238	-31.287
-57	10.238	-31.287
57	3.01	-31.287
50	3.01	-31.287
28	3.01	-31.287
21	3.01	-31.287
14	3.01	-31.287
-14	3.01	-31.287
-21	3.01	-31.287
-28	3.01	-31.287
-50	3.01	-31.287
-57	3.01	-31.287
57	-4.218	-31.287
50	-4.218	-31.287
43	-4.218	-31.287
36	-4.218	-31.287
28	-4.218	-31.287
21	-4.218	-31.287
14	-4.218	-31.287
-14	-4.218	-31.287
-21	-4.218	-31.287
-28	-4.218	-31.287
-36	-4.218	-31.287
-43	-4.218	-31.287
-50	-4.218	-31.287
-57	-4.218	-31.287
65	-11.45	-31.287
57	-11.45	-31.287
50	-11.45	-31.287
43	-11.45	-31.287
36	-11.45	-31.287
28	-11.45	-31.287
21	-11.45	-31.287
-21	-11.45	-31.287
-28	-11.45	-31.287
-36	-11.45	-31.287
-43	-11.45	-31.287
-50	-11.45	-31.287
-57	-11.45	-31.287
-65	-11.45	-31.287
65	-18.68	-31.287
57	-18.68	-31.287
50	-18.68	-31.287
43	-18.68	-31.287
36	-18.68	-31.287
28	-18.68	-31.287
21	-18.68	-31.287
-21	-18.68	-31.287
-28	-18.68	-31.287
-36	-18.68	-31.287
-43	-18.68	-31.287
-50	-18.68	-31.287
-57	-18.68	-31.287
-65	-18.68	-31.287
65	-25.9	-31.287
57	-25.9	-31.287
50	-25.9	-31.287
43	-25.9	-31.287
36	-25.9	-31.287
28	-25.9	-31.287
-28	-25.9	-31.287
-36	-25.9	-31.287
-43	-25.9	-31.287
-50	-25.9	-31.287
-57	-25.9	-31.287
-65	-25.9	-31.287
57	-33.13	-31.287
50	-33.13	-31.287
43	-33.13	-31.287
36	-33.13	-31.287
-36	-33.13	-31.287
-43	-33.13	-31.287
-50	-33.13	-31.287
-57	-33.13	-31.287
14	60.836	-24.059
7	60.836	-24.059
-7	60.836	-24.059
-14	60.836	-24.059
14	53.608	-24.059
7	53.608	-24.059
-7	53.608	-24.059
-14	53.608	-24.059
14	46.379	-24.059
7	46.379	-24.059
-7	46.379	-24.059
-14	46.379	-24.059
14	39.151	-24.059
7	39.151	-24.059
-7	39.151	-24.059
-14	39.151	-24.059
43	31.923	-24.059
14	31.923	-24.059
7	31.923	-24.059
-7	31.923	-24.059
-14	31.923	-24.059
-43	31.923	-24.059
50	24.695	-24.059
43	24.695	-24.059
36	24.695	-24.059
21	24.695	-24.059
14	24.695	-24.059
7	24.695	-24.059
-7	24.695	-24.059
-14	24.695	-24.059
-21	24.695	-24.059
-36	24.695	-24.059
-43	24.695	-24.059
-50	24.695	-24.059
50	17.466	-24.059
43	17.466	-24.059
36	17.466	-24.059
28	17.466	-24.059
21	17.466	-24.059
14	17.466	-24.059
7	17.466	-24.059
-7	17.466	-24.059
-14	17.466	-24.059
-21	17.466	-24.059
-28	17.466	-24.059
-36	17.466	-24.059
-43	17.466	-24.059
-50	17.466	-24.059
57	10.238	-24.059
50	10.238	-24.059
43	10.238	-24.059
36	10.238	-24.059
28	10.238	-24.059
21	10.238	-24.059
14	10.238	-24.059
7	10.238	-24.059
-7	10.238	-24.059
-14	10.238	-24.059
-21	10.238	-24.059
-28	10.238	-24.059
-36	10.238	-24.059
-43	10.238	-24.059
-50	10.238	-24.059
-57	10.238	-24.059
57	3.01	-24.059
50	3.01	-24.059
43	3.01	-24.059
28	3.01	-24.059
21	3.01	-24.059
-21	3.01	-24.059
-28	3.01	-24.059
-43	3.01	-24.059
-50	3.01	-24.059
-57	3.01	-24.059
65	-4.218	-24.059
57	-4.218	-24.059
50	-4.218	-24.059
28	-4.218	-24.059
21	-4.218	-24.059
14	-4.218	-24.059
-14	-4.218	-24.059
-21	-4.218	-24.059
-28	-4.218	-24.059
-50	-4.218	-24.059
-57	-4.218	-24.059
-65	-4.218	-24.059
65	-11.45	-24.059
57	-11.45	-24.059
43	-11.45	-24.059
21	-11.45	-24.059
14	-11.45	-24.059
-14	-11.45	-24.059
-21	-11.45	-24.059
-43	-11.45	-24.059
-57	-11.45	-24.059
-65	-11.45	-24.059
65	-18.68	-24.059
57	-18.68	-24.059
50	-18.68	-24.059
43	-18.68	-24.059
36	-18.68	-24.059
28	-18.68	-24.059
21	-18.68	-24.059
-21	-18.68	-24.059
-28	-18.68	-24.059
-36	-18.68	-24.059
-43	-18.68	-24.059
-50	-18.68	-24.059
-57	-18.68	-24.059
-65	-18.68	-24.059
65	-25.9	-24.059
57	-25.9	-24.059
50	-25.9	-24.059
43	-25.9	-24.059
36	-25.9	-24.059
28	-25.9	-24.059
21	-25.9	-24.059
-21	-25.9	-24.059
-28	-25.9	-24.059
-36	-25.9	-24.059
-43	-25.9	-24.059
-50	-25.9	-24.059
-57	-25.9	-24.059
-65	-25.9	-24.059
65	-33.13	-24.059
57	-33.13	-24.059
50	-33.13	-24.059
43	-33.13	-24.059
36	-33.13	-24.059
28	-33.13	-24.059
21	-33.13	-24.059
-21	-33.13	-24.059
-28	-33.13	-24.059
-36	-33.13	-24.059
-43	-33.13	-24.059
-50	-33.13	-24.059
-57	-33.13	-24.059
-65	-33.13	-24.059
65	-40.36	-24.059
57	-40.36	-24.059
50	-40.36	-24.059
43	-40.36	-24.059
36	-40.36	-24.059
28	-40.36	-24.059
-28	-40.36	-24.059
-36	-40.36	-24.059
-43	-40.36	-24.059
-50	-40.36	-24.059
-57	-40.36	-24.059
-65	-40.36	-24.059
57	-47.59	-24.059
50	-47.59	-24.059
43	-47.59	-24.059
36	-47.59	-24.059
-36	-47.59	-24.059
-43	-47.59	-24.059
-50	-47.59	-24.059
-57	-47.59	-24.059
57	-54.82	-24.059
50	-54.82	-24.059
43	-54.82	-24.059
-43	-54.82	-24.059
-50	-54.82	-24.059
-57	-54.82	-24.059
57	-62.04	-24.059
50	-62.04	-24.059
-50	-62.04	-24.059
-57	-62.04	-24.059
50	-69.27	-24.059
-50	-69.27	-24.059
50	-76.5	-24.059
-50	-76.5	-24.059
14	68.064	-16.831
7	68.064	-16.831
-7	68.064	-16.831
-14	68.064	-16.831
28	60.836	-16.831
21	60.836	-16.831
14	60.836	-16.831
7	60.836	-16.831
-7	60.836	-16.831
-14	60.836	-16.831
-21	60.836	-16.831
-28	60.836	-16.831
36	53.608	-16.831
28	53.608	-16.831
21	53.608	-16.831
14	53.608	-16.831
7	53.608	-16.831
-7	53.608	-16.831
-14	53.608	-16.831
-21	53.608	-16.831
-28	53.608	-16.831
-36	53.608	-16.831
43	46.379	-16.831
36	46.379	-16.831
28	46.379	-16.831
21	46.379	-16.831
7	46.379	-16.831
-7	46.379	-16.831
-21	46.379	-16.831
-28	46.379	-16.831
-36	46.379	-16.831
-43	46.379	-16.831
50	39.151	-16.831
43	39.151	-16.831
36	39.151	-16.831
28	39.151	-16.831
21	39.151	-16.831
7	39.151	-16.831
-7	39.151	-16.831
-21	39.151	-16.831
-28	39.151	-16.831
-36	39.151	-16.831
-43	39.151	-16.831
-50	39.151	-16.831
50	31.923	-16.831
43	31.923	-16.831
36	31.923	-16.831
28	31.923	-16.831
21	31.923	-16.831
7	31.923	-16.831
-7	31.923	-16.831
-21	31.923	-16.831
-28	31.923	-16.831
-36	31.923	-16.831
-43	31.923	-16.831
-50	31.923	-16.831
50	24.695	-16.831
43	24.695	-16.831
36	24.695	-16.831
21	24.695	-16.831
14	24.695	-16.831
7	24.695	-16.831
-7	24.695	-16.831
-14	24.695	-16.831
-21	24.695	-16.831
-36	24.695	-16.831
-43	24.695	-16.831
-50	24.695	-16.831
57	17.466	-16.831
50	17.466	-16.831
43	17.466	-16.831
36	17.466	-16.831
28	17.466	-16.831
21	17.466	-16.831
14	17.466	-16.831
7	17.466	-16.831
-7	17.466	-16.831
-14	17.466	-16.831
-21	17.466	-16.831
-28	17.466	-16.831
-36	17.466	-16.831
-43	17.466	-16.831
-50	17.466	-16.831
-57	17.466	-16.831
57	10.238	-16.831
50	10.238	-16.831
43	10.238	-16.831
36	10.238	-16.831
28	10.238	-16.831
21	10.238	-16.831
14	10.238	-16.831
7	10.238	-16.831
-7	10.238	-16.831
-14	10.238	-16.831
-21	10.238	-16.831
-28	10.238	-16.831
-36	10.238	-16.831
-43	10.238	-16.831
-50	10.238	-16.831
-57	10.238	-16.831
65	3.01	-16.831
57	3.01	-16.831
50	3.01	-16.831
43	3.01	-16.831
-43	3.01	-16.831
-50	3.01	-16.831
-57	3.01	-16.831
-65	3.01	-16.831
65	-4.218	-16.831
57	-4.218	-16.831
50	-4.218	-16.831
43	-4.218	-16.831
28	-4.218	-16.831
21	-4.218	-16.831
14	-4.218	-16.831
-14	-4.218	-16.831
-21	-4.218	-16.831
-28	-4.218	-16.831
-43	-4.218	-16.831
-50	-4.218	-16.831
-57	-4.218	-16.831
-65	-4.218	-16.831
65	-11.45	-16.831
57	-11.45	-16.831
50	-11.45	-16.831
21	-11.45	-16.831
14	-11.45	-16.831
-14	-11.45	-16.831
-21	-11.45	-16.831
-50	-11.45	-16.831
-57	-11.45	-16.831
-65	-11.45	-16.831
72	-18.68	-16.831
65	-18.68	-16.831
57	-18.68	-16.831
50	-18.68	-16.831
-50	-18.68	-16.831
-57	-18.68	-16.831
-65	-18.68	-16.831
-72	-18.68	-16.831
72	-25.9	-16.831
65	-25.9	-16.831
57	-25.9	-16.831
43	-25.9	-16.831
36	-25.9	-16.831
28	-25.9	-16.831
21	-25.9	-16.831
-21	-25.9	-16.831
-28	-25.9	-16.831
-36	-25.9	-16.831
-43	-25.9	-16.831
-57	-25.9	-16.831
-65	-25.9	-16.831
-72	-25.9	-16.831
72	-33.13	-16.831
65	-33.13	-16.831
57	-33.13	-16.831
50	-33.13	-16.831
43	-33.13	-16.831
36	-33.13	-16.831
28	-33.13	-16.831
21	-33.13	-16.831
-21	-33.13	-16.831
-28	-33.13	-16.831
-36	-33.13	-16.831
-43	-33.13	-16.831
-50	-33.13	-16.831
-57	-33.13	-16.831
-65	-33.13	-16.831
-72	-33.13	-16.831
65	-40.36	-16.831
57	-40.36	-16.831
50	-40.36	-16.831
43	-40.36	-16.831
36	-40.36	-16.831
28	-40.36	-16.831
21	-40.36	-16.831
-21	-40.36	-16.831
-28	-40.36	-16.831
-36	-40.36	-16.831
-43	-40.36	-16.831
-50	-40.36	-16.831
-57	-40.36	-16.831
-65	-40.36	-16.831
65	-47.59	-16.831
57	-47.59	-16.831
50	-47.59	-16.831
43	-47.59	-16.831
36	-47.59	-16.831
28	-47.59	-16.831
-28	-47.59	-16.831
-36	-47.59	-16.831
-43	-47.59	-16.831
-50	-47.59	-16.831
-57	-47.59	-16.831
-65	-47.59	-16.831
65	-54.82	-16.831
57	-54.82	-16.831
50	-54.82	-16.831
43	-54.82	-16.831
36	-54.82	-16.831
28	-54.82	-16.831
-28	-54.82	-16.831
-36	-54.82	-16.831
-43	-54.82	-16.831
-50	-54.82	-16.831
-57	-54.82	-16.831
-65	-54.82	-16.831
57	-62.04	-16.831
50	-62.04	-16.831
43	-62.04	-16.831
36	-62.04	-16.831
28	-62.04	-16.831
-28	-62.04	-16.831
-36	-62.04	-16.831
-43	-62.04	-16.831
-50	-62.04	-16.831
-57	-62.04	-16.831
57	-69.27	-16.831
50	-69.27	-16.831
43	-69.27	-16.831
36	-69.27	-16.831
28	-69.27	-16.831
21	-69.27	-16.831
-21	-69.27	-16.831
-28	-69.27	-16.831
-36	-69.27	-16.831
-43	-69.27	-16.831
-50	-69.27	-16.831
-57	-69.27	-16.831
50	-76.5	-16.831
43	-76.5	-16.831
36	-76.5	-16.831
28	-76.5	-16.831
21	-76.5	-16.831
14	-76.5	-16.831
-14	-76.5	-16.831
-21	-76.5	-16.831
-28	-76.5	-16.831
-36	-76.5	-16.831
-43	-76.5	-16.831
-50	-76.5	-16.831
43	-83.73	-16.831
36	-83.73	-16.831
28	-83.73	-16.831
21	-83.73	-16.831
14	-83.73	-16.831
7	-83.73	-16.831
-7	-83.73	-16.831
-14	-83.73	-16.831
-21	-83.73	-16.831
-28	-83.73	-16.831
-36	-83.73	-16.831
-43	-83.73	-16.831
36	-90.96	-16.831
28	-90.96	-16.831
21	-90.96	-16.831
14	-90.96	-16.831
7	-90.96	-16.831
-7	-90.96	-16.831
-14	-90.96	-16.831
-21	-90.96	-16.831
-28	-90.96	-16.831
-36	-90.96	-16.831
28	-98.19	-16.831
21	-98.19	-16.831
14	-98.19	-16.831
7	-98.19	-16.831
-7	-98.19	-16.831
-14	-98.19	-16.831
-21	-98.19	-16.831
-28	-98.19	-16.831
28	68.064	-9.602
21	68.064	-9.602
14	68.064	-9.602
7	68.064	-9.602
-7	68.064	-9.602
-14	68.064	-9.602
-21	68.064	-9.602
-28	68.064	-9.602
36	60.836	-9.602
28	60.836	-9.602
21	60.836	-9.602
14	60.836	-9.602
7	60.836	-9.602
-7	60.836	-9.602
-14	60.836	-9.602
-21	60.836	-9.602
-28	60.836	-9.602
-36	60.836	-9.602
43	53.608	-9.602
36	53.608	-9.602
28	53.608	-9.602
21	53.608	-9.602
7	53.608	-9.602
-7	53.608	-9.602
-21	53.608	-9.602
-28	53.608	-9.602
-36	53.608	-9.602
-43	53.608	-9.602
50	46.379	-9.602
43	46.379	-9.602
36	46.379	-9.602
28	46.379	-9.602
14	46.379	-9.602
7	46.379	-9.602
-7	46.379	-9.602
-14	46.379	-9.602
-28	46.379	-9.602
-36	46.379	-9.602
-43	46.379	-9.602
-50	46.379	-9.602
50	39.151	-9.602
43	39.151	-9.602
36	39.151	-9.602
28	39.151	-9.602
14	39.151	-9.602
7	39.151	-9.602
-7	39.151	-9.602
-14	39.151	-9.602
-28	39.151	-9.602
-36	39.151	-9.602
-43	39.151	-9.602
-50	39.151	-9.602
50	31.923	-9.602
43	31.923	-9.602
28	31.923	-9.602
21	31.923	-9.602
7	31.923	-9.602
-7	31.923	-9.602
-21	31.923	-9.602
-28	31.923	-9.602
-43	31.923	-9.602
-50	31.923	-9.602
50	24.695	-9.602
43	24.695	-9.602
36	24.695	-9.602
7	24.695	-9.602
-7	24.695	-9.602
-36	24.695	-9.602
-43	24.695	-9.602
-50	24.695	-9.602
57	17.466	-9.602
50	17.466	-9.602
43	17.466	-9.602
36	17.466	-9.602
28	17.466	-9.602
7	17.466	-9.602
-7	17.466	-9.602
-28	17.466	-9.602
-36	17.466	-9.602
-43	17.466	-9.602
-50	17.466	-9.602
-57	17.466	-9.602
57	10.238	-9.602
50	10.238	-9.602
43	10.238	-9.602
36	10.238	-9.602
-36	10.238	-9.602
-43	10.238	-9.602
-50	10.238	-9.602
-57	10.238	-9.602
65	3.01	-9.602
57	3.01	-9.602
50	3.01	-9.602
43	3.01	-9.602
36	3.01	-9.602
-36	3.01	-9.602
-43	3.01	-9.602
-50	3.01	-9.602
-57	3.01	-9.602
-65	3.01	-9.602
65	-4.218	-9.602
57	-4.218	-9.602
50	-4.218	-9.602
43	-4.218	-9.602
-43	-4.218	-9.602
-50	-4.218	-9.602
-57	-4.218	-9.602
-65	-4.218	-9.602
65	-11.45	-9.602
57	-11.45	-9.602
50	-11.45	-9.602
43	-11.45	-9.602
-43	-11.45	-9.602
-50	-11.45	-9.602
-57	-11.45	-9.602
-65	-11.45	-9.602
65	-18.68	-9.602
57	-18.68	-9.602
50	-18.68	-9.602
-50	-18.68	-9.602
-57	-18.68	-9.602
-65	-18.68	-9.602
72	-25.9	-9.602
65	-25.9	-9.602
57	-25.9	-9.602
50	-25.9	-9.602
-50	-25.9	-9.602
-57	-25.9	-9.602
-65	-25.9	-9.602
-72	-25.9	-9.602
72	-33.13	-9.602
65	-33.13	-9.602
21	-33.13	-9.602
14	-33.13	-9.602
-14	-33.13	-9.602
-21	-33.13	-9.602
-65	-33.13	-9.602
-72	-33.13	-9.602
72	-40.36	-9.602
65	-40.36	-9.602
57	-40.36	-9.602
43	-40.36	-9.602
36	-40.36	-9.602
28	-40.36	-9.602
21	-40.36	-9.602
14	-40.36	-9.602
-14	-40.36	-9.602
-21	-40.36	-9.602
-28	-40.36	-9.602
-36	-40.36	-9.602
-43	-40.36	-9.602
-57	-40.36	-9.602
-65	-40.36	-9.602
-72	-40.36	-9.602
65	-47.59	-9.602
57	-47.59	-9.602
50	-47.59	-9.602
43	-47.59	-9.602
36	-47.59	-9.602
28	-47.59	-9.602
21	-47.59	-9.602
14	-47.59	-9.602
-14	-47.59	-9.602
-21	-47.59	-9.602
-28	-47.59	-9.602
-36	-47.59	-9.602
-43	-47.59	-9.602
-50	-47.59	-9.602
-57	-47.59	-9.602
-65	-47.59	-9.602
65	-54.82	-9.602
57	-54.82	-9.602
50	-54.82	-9.602
43	-54.82	-9.602
36	-54.82	-9.602
28	-54.82	-9.602
21	-54.82	-9.602
14	-54.82	-9.602
-14	-54.82	-9.602
-21	-54.82	-9.602
-28	-54.82	-9.602
-36	-54.82	-9.602
-43	-54.82	-9.602
-50	-54.82	-9.602
-57	-54.82	-9.602
-65	-54.82	-9.602
57	-62.04	-9.602
50	-62.04	-9.602
43	-62.04	-9.602
36	-62.04	-9.602
28	-62.04	-9.602
21	-62.04	-9.602
14	-62.04	-9.602
-14	-62.04	-9.602
-21	-62.04	-9.602
-28	-62.04	-9.602
-36	-62.04	-9.602
-43	-62.04	-9.602
-50	-62.04	-9.602
-57	-62.04	-9.602
57	-69.27	-9.602
50	-69.27	-9.602
43	-69.27	-9.602
36	-69.27	-9.602
28	-69.27	-9.602
21	-69.27	-9.602
14	-69.27	-9.602
-14	-69.27	-9.602
-21	-69.27	-9.602
-28	-69.27	-9.602
-36	-69.27	-9.602
-43	-69.27	-9.602
-50	-69.27	-9.602
-57	-69.27	-9.602
50	-76.5	-9.602
43	-76.5	-9.602
36	-76.5	-9.602
28	-76.5	-9.602
21	-76.5	-9.602
14	-76.5	-9.602
7	-76.5	-9.602
-7	-76.5	-9.602
-14	-76.5	-9.602
-21	-76.5	-9.602
-28	-76.5	-9.602
-36	-76.5	-9.602
-43	-76.5	-9.602
-50	-76.5	-9.602
50	-83.73	-9.602
43	-83.73	-9.602
36	-83.73	-9.602
28	-83.73	-9.602
21	-83.73	-9.602
14	-83.73	-9.602
7	-83.73	-9.602
-7	-83.73	-9.602
-14	-83.73	-9.602
-21	-83.73	-9.602
-28	-83.73	-9.602
-36	-83.73	-9.602
-43	-83.73	-9.602
-50	-83.73	-9.602
43	-90.96	-9.602
36	-90.96	-9.602
28	-90.96	-9.602
21	-90.96	-9.602
14	-90.96	-9.602
7	-90.96	-9.602
-7	-90.96	-9.602
-14	-90.96	-9.602
-21	-90.96	-9.602
-28	-90.96	-9.602
-36	-90.96	-9.602
-43	-90.96	-9.602
28	-98.19	-9.602
21	-98.19	-9.602
14	-98.19	-9.602
7	-98.19	-9.602
-7	-98.19	-9.602
-14	-98.19	-9.602
-21	-98.19	-9.602
-28	-98.19	-9.602
14	-105.41	-9.602
-14	-105.41	-9.602
21	68.064	-2.374
14	68.064	-2.374
7	68.064	-2.374
-7	68.064	-2.374
-14	68.064	-2.374
-21	68.064	-2.374
36	60.836	-2.374
28	60.836	-2.374
21	60.836	-2.374
14	60.836	-2.374
7	60.836	-2.374
-7	60.836	-2.374
-14	60.836	-2.374
-21	60.836	-2.374
-28	60.836	-2.374
-36	60.836	-2.374
43	53.608	-2.374
36	53.608	-2.374
28	53.608	-2.374
21	53.608	-2.374
14	53.608	-2.374
7	53.608	-2.374
-7	53.608	-2.374
-14	53.608	-2.374
-21	53.608	-2.374
-28	53.608	-2.374
-36	53.608	-2.374
-43	53.608	-2.374
50	46.379	-2.374
43	46.379	-2.374
14	46.379	-2.374
7	46.379	-2.374
-7	46.379	-2.374
-14	46.379	-2.374
-43	46.379	-2.374
-50	46.379	-2.374
57	39.151	-2.374
50	39.151	-2.374
43	39.151	-2.374
7	39.151	-2.374
-7	39.151	-2.374
-43	39.151	-2.374
-50	39.151	-2.374
-57	39.151	-2.374
57	31.923	-2.374
50	31.923	-2.374
43	31.923	-2.374
7	31.923	-2.374
-7	31.923	-2.374
-43	31.923	-2.374
-50	31.923	-2.374
-57	31.923	-2.374
57	24.695	-2.374
50	24.695	-2.374
43	24.695	-2.374
36	24.695	-2.374
28	24.695	-2.374
-28	24.695	-2.374
-36	24.695	-2.374
-43	24.695	-2.374
-50	24.695	-2.374
-57	24.695	-2.374
57	17.466	-2.374
50	17.466	-2.374
43	17.466	-2.374
36	17.466	-2.374
-36	17.466	-2.374
-43	17.466	-2.374
-50	17.466	-2.374
-57	17.466	-2.374
57	10.238	-2.374
50	10.238	-2.374
43	10.238	-2.374
36	10.238	-2.374
-36	10.238	-2.374
-43	10.238	-2.374
-50	10.238	-2.374
-57	10.238	-2.374
65	3.01	-2.374
57	3.01	-2.374
50	3.01	-2.374
43	3.01	-2.374
36	3.01	-2.374
-36	3.01	-2.374
-43	3.01	-2.374
-50	3.01	-2.374
-57	3.01	-2.374
-65	3.01	-2.374
65	-4.218	-2.374
57	-4.218	-2.374
50	-4.218	-2.374
43	-4.218	-2.374
36	-4.218	-2.374
-36	-4.218	-2.374
-43	-4.218	-2.374
-50	-4.218	-2.374
-57	-4.218	-2.374
-65	-4.218	-2.374
65	-11.45	-2.374
57	-11.45	-2.374
50	-11.45	-2.374
43	-11.45	-2.374
36	-11.45	-2.374
-36	-11.45	-2.374
-43	-11.45	-2.374
-50	-11.45	-2.374
-57	-11.45	-2.374
-65	-11.45	-2.374
65	-18.68	-2.374
57	-18.68	-2.374
50	-18.68	-2.374
43	-18.68	-2.374
36	-18.68	-2.374
-36	-18.68	-2.374
-43	-18.68	-2.374
-50	-18.68	-2.374
-57	-18.68	-2.374
-65	-18.68	-2.374
72	-25.9	-2.374
65	-25.9	-2.374
57	-25.9	-2.374
50	-25.9	-2.374
-50	-25.9	-2.374
-57	-25.9	-2.374
-65	-25.9	-2.374
-72	-25.9	-2.374
72	-33.13	-2.374
65	-33.13	-2.374
57	-33.13	-2.374
50	-33.13	-2.374
-50	-33.13	-2.374
-57	-33.13	-2.374
-65	-33.13	-2.374
-72	-33.13	-2.374
72	-40.36	-2.374
65	-40.36	-2.374
57	-40.36	-2.374
50	-40.36	-2.374
14	-40.36	-2.374
7	-40.36	-2.374
-7	-40.36	-2.374
-14	-40.36	-2.374
-50	-40.36	-2.374
-57	-40.36	-2.374
-65	-40.36	-2.374
-72	-40.36	-2.374
65	-47.59	-2.374
57	-47.59	-2.374
21	-47.59	-2.374
14	-47.59	-2.374
-14	-47.59	-2.374
-21	-47.59	-2.374
-57	-47.59	-2.374
-65	-47.59	-2.374
65	-54.82	-2.374
57	-54.82	-2.374
50	-54.82	-2.374
43	-54.82	-2.374
21	-54.82	-2.374
14	-54.82	-2.374
-14	-54.82	-2.374
-21	-54.82	-2.374
-43	-54.82	-2.374
-50	-54.82	-2.374
-57	-54.82	-2.374
-65	-54.82	-2.374
65	-62.04	-2.374
57	-62.04	-2.374
50	-62.04	-2.374
43	-62.04	-2.374
21	-62.04	-2.374
14	-62.04	-2.374
7	-62.04	-2.374
-7	-62.04	-2.374
-14	-62.04	-2.374
-21	-62.04	-2.374
-43	-62.04	-2.374
-50	-62.04	-2.374
-57	-62.04	-2.374
-65	-62.04	-2.374
57	-69.27	-2.374
50	-69.27	-2.374
43	-69.27	-2.374
28	-69.27	-2.374
21	-69.27	-2.374
14	-69.27	-2.374
7	-69.27	-2.374
-7	-69.27	-2.374
-14	-69.27	-2.374
-21	-69.27	-2.374
-28	-69.27	-2.374
-43	-69.27	-2.374
-50	-69.27	-2.374
-57	-69.27	-2.374
50	-76.5	-2.374
43	-76.5	-2.374
21	-76.5	-2.374
14	-76.5	-2.374
7	-76.5	-2.374
-7	-76.5	-2.374
-14	-76.5	-2.374
-21	-76.5	-2.374
-43	-76.5	-2.374
-50	-76.5	-2.374
50	-83.73	-2.374
43	-83.73	-2.374
36	-83.73	-2.374
14	-83.73	-2.374
7	-83.73	-2.374
-7	-83.73	-2.374
-14	-83.73	-2.374
-36	-83.73	-2.374
-43	-83.73	-2.374
-50	-83.73	-2.374
43	-90.96	-2.374
36	-90.96	-2.374
28	-90.96	-2.374
21	-90.96	-2.374
14	-90.96	-2.374
7	-90.96	-2.374
-7	-90.96	-2.374
-14	-90.96	-2.374
-21	-90.96	-2.374
-28	-90.96	-2.374
-36	-90.96	-2.374
-43	-90.96	-2.374
36	-98.19	-2.374
28	-98.19	-2.374
21	-98.19	-2.374
14	-98.19	-2.374
7	-98.19	-2.374
-7	-98.19	-2.374
-14	-98.19	-2.374
-21	-98.19	-2.374
-28	-98.19	-2.374
-36	-98.19	-2.374
21	-105.41	-2.374
14	-105.41	-2.374
7	-105.41	-2.374
-7	-105.41	-2.374
-14	-105.41	-2.374
-21	-105.41	-2.374
28	68.064	4.854
21	68.064	4.854
14	68.064	4.854
7	68.064	4.854
-7	68.064	4.854
-14	68.064	4.854
-21	68.064	4.854
-28	68.064	4.854
43	60.836	4.854
36	60.836	4.854
28	60.836	4.854
21	60.836	4.854
7	60.836	4.854
-7	60.836	4.854
-21	60.836	4.854
-28	60.836	4.854
-36	60.836	4.854
-43	60.836	4.854
43	53.608	4.854
36	53.608	4.854
28	53.608	4.854
21	53.608	4.854
14	53.608	4.854
7	53.608	4.854
-7	53.608	4.854
-14	53.608	4.854
-21	53.608	4.854
-28	53.608	4.854
-36	53.608	4.854
-43	53.608	4.854
50	46.379	4.854
43	46.379	4.854
14	46.379	4.854
7	46.379	4.854
-7	46.379	4.854
-14	46.379	4.854
-43	46.379	4.854
-50	46.379	4.854
57	39.151	4.854
50	39.151	4.854
43	39.151	4.854
7	39.151	4.854
-7	39.151	4.854
-43	39.151	4.854
-50	39.151	4.854
-57	39.151	4.854
57	31.923	4.854
50	31.923	4.854
43	31.923	4.854
-43	31.923	4.854
-50	31.923	4.854
-57	31.923	4.854
57	24.695	4.854
50	24.695	4.854
43	24.695	4.854
36	24.695	4.854
28	24.695	4.854
-28	24.695	4.854
-36	24.695	4.854
-43	24.695	4.854
-50	24.695	4.854
-57	24.695	4.854
57	17.466	4.854
50	17.466	4.854
43	17.466	4.854
36	17.466	4.854
-36	17.466	4.854
-43	17.466	4.854
-50	17.466	4.854
-57	17.466	4.854
57	10.238	4.854
50	10.238	4.854
43	10.238	4.854
36	10.238	4.854
-36	10.238	4.854
-43	10.238	4.854
-50	10.238	4.854
-57	10.238	4.854
65	3.01	4.854
57	3.01	4.854
50	3.01	4.854
43	3.01	4.854
36	3.01	4.854
-36	3.01	4.854
-43	3.01	4.854
-50	3.01	4.854
-57	3.01	4.854
-65	3.01	4.854
65	-4.218	4.854
57	-4.218	4.854
50	-4.218	4.854
43	-4.218	4.854
36	-4.218	4.854
-36	-4.218	4.854
-43	-4.218	4.854
-50	-4.218	4.854
-57	-4.218	4.854
-65	-4.218	4.854
65	-11.45	4.854
57	-11.45	4.854
50	-11.45	4.854
43	-11.45	4.854
36	-11.45	4.854
-36	-11.45	4.854
-43	-11.45	4.854
-50	-11.45	4.854
-57	-11.45	4.854
-65	-11.45	4.854
72	-18.68	4.854
65	-18.68	4.854
57	-18.68	4.854
50	-18.68	4.854
43	-18.68	4.854
36	-18.68	4.854
-36	-18.68	4.854
-43	-18.68	4.854
-50	-18.68	4.854
-57	-18.68	4.854
-65	-18.68	4.854
-72	-18.68	4.854
72	-25.9	4.854
65	-25.9	4.854
57	-25.9	4.854
50	-25.9	4.854
36	-25.9	4.854
-36	-25.9	4.854
-50	-25.9	4.854
-57	-25.9	4.854
-65	-25.9	4.854
-72	-25.9	4.854
72	-33.13	4.854
65	-33.13	4.854
57	-33.13	4.854
50	-33.13	4.854
43	-33.13	4.854
-43	-33.13	4.854
-50	-33.13	4.854
-57	-33.13	4.854
-65	-33.13	4.854
-72	-33.13	4.854
65	-40.36	4.854
57	-40.36	4.854
50	-40.36	4.854
-50	-40.36	4.854
-57	-40.36	4.854
-65	-40.36	4.854
65	-47.59	4.854
57	-47.59	4.854
50	-47.59	4.854
21	-47.59	4.854
14	-47.59	4.854
7	-47.59	4.854
-7	-47.59	4.854
-14	-47.59	4.854
-21	-47.59	4.854
-50	-47.59	4.854
-57	-47.59	4.854
-65	-47.59	4.854
65	-54.82	4.854
57	-54.82	4.854
50	-54.82	4.854
43	-54.82	4.854
28	-54.82	4.854
21	-54.82	4.854
14	-54.82	4.854
7	-54.82	4.854
-7	-54.82	4.854
-14	-54.82	4.854
-21	-54.82	4.854
-28	-54.82	4.854
-43	-54.82	4.854
-50	-54.82	4.854
-57	-54.82	4.854
-65	-54.82	4.854
57	-62.04	4.854
50	-62.04	4.854
43	-62.04	4.854
28	-62.04	4.854
21	-62.04	4.854
14	-62.04	4.854
7	-62.04	4.854
-7	-62.04	4.854
-14	-62.04	4.854
-21	-62.04	4.854
-28	-62.04	4.854
-43	-62.04	4.854
-50	-62.04	4.854
-57	-62.04	4.854
57	-69.27	4.854
50	-69.27	4.854
43	-69.27	4.854
28	-69.27	4.854
21	-69.27	4.854
14	-69.27	4.854
7	-69.27	4.854
-7	-69.27	4.854
-14	-69.27	4.854
-21	-69.27	4.854
-28	-69.27	4.854
-43	-69.27	4.854
-50	-69.27	4.854
-57	-69.27	4.854
50	-76.5	4.854
43	-76.5	4.854
36	-76.5	4.854
21	-76.5	4.854
14	-76.5	4.854
7	-76.5	4.854
-7	-76.5	4.854
-14	-76.5	4.854
-21	-76.5	4.854
-36	-76.5	4.854
-43	-76.5	4.854
-50	-76.5	4.854
50	-83.73	4.854
43	-83.73	4.854
36	-83.73	4.854
28	-83.73	4.854
14	-83.73	4.854
7	-83.73	4.854
-7	-83.73	4.854
-14	-83.73	4.854
-28	-83.73	4.854
-36	-83.73	4.854
-43	-83.73	4.854
-50	-83.73	4.854
43	-90.96	4.854
36	-90.96	4.854
28	-90.96	4.854
21	-90.96	4.854
14	-90.96	4.854
7	-90.96	4.854
-7	-90.96	4.854
-14	-90.96	4.854
-21	-90.96	4.854
-28	-90.96	4.854
-36	-90.96	4.854
-43	-90.96	4.854
28	-98.19	4.854
21	-98.19	4.854
14	-98.19	4.854
7	-98.19	4.854
-7	-98.19	4.854
-14	-98.19	4.854
-21	-98.19	4.854
-28	-98.19	4.854
21	-105.41	4.854
14	-105.41	4.854
7	-105.41	4.854
-7	-105.41	4.854
-14	-105.41	4.854
-21	-105.41	4.854
28	68.064	12.083
21	68.064	12.083
14	68.064	12.083
7	68.064	12.083
-7	68.064	12.083
-14	68.064	12.083
-21	68.064	12.083
-28	68.064	12.083
36	60.836	12.083
28	60.836	12.083
21	60.836	12.083
14	60.836	12.083
7	60.836	12.083
-7	60.836	12.083
-14	60.836	12.083
-21	60.836	12.083
-28	60.836	12.083
-36	60.836	12.083
43	53.608	12.083
36	53.608	12.083
28	53.608	12.083
21	53.608	12.083
14	53.608	12.083
7	53.608	12.083
-7	53.608	12.083
-14	53.608	12.083
-21	53.608	12.083
-28	53.608	12.083
-36	53.608	12.083
-43	53.608	12.083
50	46.379	12.083
43	46.379	12.083
36	46.379	12.083
28	46.379	12.083
14	46.379	12.083
7	46.379	12.083
-7	46.379	12.083
-14	46.379	12.083
-28	46.379	12.083
-36	46.379	12.083
-43	46.379	12.083
-50	46.379	12.083
57	39.151	12.083
50	39.151	12.083
43	39.151	12.083
14	39.151	12.083
7	39.151	12.083
-7	39.151	12.083
-14	39.151	12.083
-43	39.151	12.083
-50	39.151	12.083
-57	39.151	12.083
57	31.923	12.083
50	31.923	12.083
7	31.923	12.083
-7	31.923	12.083
-50	31.923	12.083
-57	31.923	12.083
57	24.695	12.083
36	24.695	12.083
-36	24.695	12.083
-57	24.695	12.083
57	17.466	12.083
50	17.466	12.083
36	17.466	12.083
28	17.466	12.083
-28	17.466	12.083
-36	17.466	12.083
-50	17.466	12.083
-57	17.466	12.083
65	10.238	12.083
57	10.238	12.083
50	10.238	12.083
36	10.238	12.083
-36	10.238	12.083
-50	10.238	12.083
-57	10.238	12.083
-65	10.238	12.083
65	3.01	12.083
57	3.01	12.083
43	3.01	12.083
36	3.01	12.083
-36	3.01	12.083
-43	3.01	12.083
-57	3.01	12.083
-65	3.01	12.083
65	-4.218	12.083
57	-4.218	12.083
50	-4.218	12.083
43	-4.218	12.083
36	-4.218	12.083
-36	-4.218	12.083
-43	-4.218	12.083
-50	-4.218	12.083
-57	-4.218	12.083
-65	-4.218	12.083
65	-11.45	12.083
57	-11.45	12.083
50	-11.45	12.083
43	-11.45	12.083
36	-11.45	12.083
-36	-11.45	12.083
-43	-11.45	12.083
-50	-11.45	12.083
-57	-11.45	12.083
-65	-11.45	12.083
65	-18.68	12.083
57	-18.68	12.083
50	-18.68	12.083
43	-18.68	12.083
36	-18.68	12.083
-36	-18.68	12.083
-43	-18.68	12.083
-50	-18.68	12.083
-57	-18.68	12.083
-65	-18.68	12.083
72	-25.9	12.083
65	-25.9	12.083
57	-25.9	12.083
50	-25.9	12.083
43	-25.9	12.083
36	-25.9	12.083
-36	-25.9	12.083
-43	-25.9	12.083
-50	-25.9	12.083
-57	-25.9	12.083
-65	-25.9	12.083
-72	-25.9	12.083
72	-33.13	12.083
65	-33.13	12.083
57	-33.13	12.083
50	-33.13	12.083
43	-33.13	12.083
36	-33.13	12.083
-36	-33.13	12.083
-43	-33.13	12.083
-50	-33.13	12.083
-57	-33.13	12.083
-65	-33.13	12.083
-72	-33.13	12.083
72	-40.36	12.083
65	-40.36	12.083
57	-40.36	12.083
50	-40.36	12.083
43	-40.36	12.083
-43	-40.36	12.083
-50	-40.36	12.083
-57	-40.36	12.083
-65	-40.36	12.083
-72	-40.36	12.083
65	-47.59	12.083
57	-47.59	12.083
50	-47.59	12.083
7	-47.59	12.083
-7	-47.59	12.083
-50	-47.59	12.083
-57	-47.59	12.083
-65	-47.59	12.083
65	-54.82	12.083
57	-54.82	12.083
50	-54.82	12.083
43	-54.82	12.083
21	-54.82	12.083
14	-54.82	12.083
7	-54.82	12.083
-7	-54.82	12.083
-14	-54.82	12.083
-21	-54.82	12.083
-43	-54.82	12.083
-50	-54.82	12.083
-57	-54.82	12.083
-65	-54.82	12.083
57	-62.04	12.083
50	-62.04	12.083
43	-62.04	12.083
21	-62.04	12.083
14	-62.04	12.083
7	-62.04	12.083
-7	-62.04	12.083
-14	-62.04	12.083
-21	-62.04	12.083
-43	-62.04	12.083
-50	-62.04	12.083
-57	-62.04	12.083
57	-69.27	12.083
50	-69.27	12.083
43	-69.27	12.083
21	-69.27	12.083
14	-69.27	12.083
7	-69.27	12.083
-7	-69.27	12.083
-14	-69.27	12.083
-21	-69.27	12.083
-43	-69.27	12.083
-50	-69.27	12.083
-57	-69.27	12.083
50	-76.5	12.083
43	-76.5	12.083
36	-76.5	12.083
21	-76.5	12.083
14	-76.5	12.083
7	-76.5	12.083
-7	-76.5	12.083
-14	-76.5	12.083
-21	-76.5	12.083
-36	-76.5	12.083
-43	-76.5	12.083
-50	-76.5	12.083
50	-83.73	12.083
43	-83.73	12.083
36	-83.73	12.083
28	-83.73	12.083
14	-83.73	12.083
7	-83.73	12.083
-7	-83.73	12.083
-14	-83.73	12.083
-28	-83.73	12.083
-36	-83.73	12.083
-43	-83.73	12.083
-50	-83.73	12.083
36	-90.96	12.083
28	-90.96	12.083
21	-90.96	12.083
14	-90.96	12.083
7	-90.96	12.083
-7	-90.96	12.083
-14	-90.96	12.083
-21	-90.96	12.083
-28	-90.96	12.083
-36	-90.96	12.083
28	-98.19	12.083
21	-98.19	12.083
14	-98.19	12.083
7	-98.19	12.083
-7	-98.19	12.083
-14	-98.19	12.083
-21	-98.19	12.083
-28	-98.19	12.083
14	-105.41	12.083
-14	-105.41	12.083
21	68.064	19.311
14	68.064	19.311
7	68.064	19.311
-7	68.064	19.311
-14	68.064	19.311
-21	68.064	19.311
36	60.836	19.311
28	60.836	19.311
21	60.836	19.311
14	60.836	19.311
7	60.836	19.311
-7	60.836	19.311
-14	60.836	19.311
-21	60.836	19.311
-28	60.836	19.311
-36	60.836	19.311
43	53.608	19.311
36	53.608	19.311
28	53.608	19.311
21	53.608	19.311
7	53.608	19.311
-7	53.608	19.311
-21	53.608	19.311
-28	53.608	19.311
-36	53.608	19.311
-43	53.608	19.311
50	46.379	19.311
43	46.379	19.311
36	46.379	19.311
28	46.379	19.311
14	46.379	19.311
7	46.379	19.311
-7	46.379	19.311
-14	46.379	19.311
-28	46.379	19.311
-36	46.379	19.311
-43	46.379	19.311
-50	46.379	19.311
50	39.151	19.311
43	39.151	19.311
28	39.151	19.311
14	39.151	19.311
7	39.151	19.311
-7	39.151	19.311
-14	39.151	19.311
-28	39.151	19.311
-43	39.151	19.311
-50	39.151	19.311
57	31.923	19.311
50	31.923	19.311
43	31.923	19.311
36	31.923	19.311
7	31.923	19.311
-7	31.923	19.311
-36	31.923	19.311
-43	31.923	19.311
-50	31.923	19.311
-57	31.923	19.311
57	24.695	19.311
50	24.695	19.311
43	24.695	19.311
7	24.695	19.311
-7	24.695	19.311
-43	24.695	19.311
-50	24.695	19.311
-57	24.695	19.311
57	17.466	19.311
50	17.466	19.311
-50	17.466	19.311
-57	17.466	19.311
65	10.238	19.311
57	10.238	19.311
50	10.238	19.311
43	10.238	19.311
-43	10.238	19.311
-50	10.238	19.311
-57	10.238	19.311
-65	10.238	19.311
65	3.01	19.311
50	3.01	19.311
-50	3.01	19.311
-65	3.01	19.311
65	-4.218	19.311
57	-4.218	19.311
43	-4.218	19.311
36	-4.218	19.311
-36	-4.218	19.311
-43	-4.218	19.311
-57	-4.218	19.311
-65	-4.218	19.311
65	-11.45	19.311
57	-11.45	19.311
43	-11.45	19.311
36	-11.45	19.311
-36	-11.45	19.311
-43	-11.45	19.311
-57	-11.45	19.311
-65	-11.45	19.311
65	-18.68	19.311
57	-18.68	19.311
50	-18.68	19.311
43	-18.68	19.311
36	-18.68	19.311
-36	-18.68	19.311
-43	-18.68	19.311
-50	-18.68	19.311
-57	-18.68	19.311
-65	-18.68	19.311
65	-25.9	19.311
57	-25.9	19.311
50	-25.9	19.311
43	-25.9	19.311
36	-25.9	19.311
-36	-25.9	19.311
-43	-25.9	19.311
-50	-25.9	19.311
-57	-25.9	19.311
-65	-25.9	19.311
65	-33.13	19.311
57	-33.13	19.311
50	-33.13	19.311
43	-33.13	19.311
36	-33.13	19.311
-36	-33.13	19.311
-43	-33.13	19.311
-50	-33.13	19.311
-57	-33.13	19.311
-65	-33.13	19.311
65	-40.36	19.311
57	-40.36	19.311
50	-40.36	19.311
43	-40.36	19.311
-43	-40.36	19.311
-50	-40.36	19.311
-57	-40.36	19.311
-65	-40.36	19.311
65	-47.59	19.311
57	-47.59	19.311
50	-47.59	19.311
7	-47.59	19.311
-7	-47.59	19.311
-50	-47.59	19.311
-57	-47.59	19.311
-65	-47.59	19.311
65	-54.82	19.311
57	-54.82	19.311
50	-54.82	19.311
21	-54.82	19.311
14	-54.82	19.311
7	-54.82	19.311
-7	-54.82	19.311
-14	-54.82	19.311
-21	-54.82	19.311
-50	-54.82	19.311
-57	-54.82	19.311
-65	-54.82	19.311
57	-62.04	19.311
50	-62.04	19.311
43	-62.04	19.311
21	-62.04	19.311
14	-62.04	19.311
7	-62.04	19.311
-7	-62.04	19.311
-14	-62.04	19.311
-21	-62.04	19.311
-43	-62.04	19.311
-50	-62.04	19.311
-57	-62.04	19.311
57	-69.27	19.311
50	-69.27	19.311
43	-69.27	19.311
36	-69.27	19.311
14	-69.27	19.311
7	-69.27	19.311
-7	-69.27	19.311
-14	-69.27	19.311
-36	-69.27	19.311
-43	-69.27	19.311
-50	-69.27	19.311
-57	-69.27	19.311
50	-76.5	19.311
43	-76.5	19.311
36	-76.5	19.311
14	-76.5	19.311
7	-76.5	19.311
-7	-76.5	19.311
-14	-76.5	19.311
-36	-76.5	19.311
-43	-76.5	19.311
-50	-76.5	19.311
43	-83.73	19.311
36	-83.73	19.311
28	-83.73	19.311
21	-83.73	19.311
7	-83.73	19.311
-7	-83.73	19.311
-21	-83.73	19.311
-28	-83.73	19.311
-36	-83.73	19.311
-43	-83.73	19.311
36	-90.96	19.311
28	-90.96	19.311
21	-90.96	19.311
14	-90.96	19.311
7	-90.96	19.311
-7	-90.96	19.311
-14	-90.96	19.311
-21	-90.96	19.311
-28	-90.96	19.311
-36	-90.96	19.311
28	-98.19	19.311
21	-98.19	19.311
14	-98.19	19.311
7	-98.19	19.311
-7	-98.19	19.311
-14	-98.19	19.311
-21	-98.19	19.311
-28	-98.19	19.311
14	68.064	26.539
-14	68.064	26.539
28	60.836	26.539
21	60.836	26.539
14	60.836	26.539
7	60.836	26.539
-7	60.836	26.539
-14	60.836	26.539
-21	60.836	26.539
-28	60.836	26.539
36	53.608	26.539
28	53.608	26.539
21	53.608	26.539
14	53.608	26.539
7	53.608	26.539
-7	53.608	26.539
-14	53.608	26.539
-21	53.608	26.539
-28	53.608	26.539
-36	53.608	26.539
43	46.379	26.539
36	46.379	26.539
28	46.379	26.539
7	46.379	26.539
-7	46.379	26.539
-28	46.379	26.539
-36	46.379	26.539
-43	46.379	26.539
50	39.151	26.539
43	39.151	26.539
36	39.151	26.539
28	39.151	26.539
14	39.151	26.539
7	39.151	26.539
-7	39.151	26.539
-14	39.151	26.539
-28	39.151	26.539
-36	39.151	26.539
-43	39.151	26.539
-50	39.151	26.539
57	31.923	26.539
50	31.923	26.539
43	31.923	26.539
36	31.923	26.539
28	31.923	26.539
7	31.923	26.539
-7	31.923	26.539
-28	31.923	26.539
-36	31.923	26.539
-43	31.923	26.539
-50	31.923	26.539
-57	31.923	26.539
57	24.695	26.539
50	24.695	26.539
43	24.695	26.539
14	24.695	26.539
7	24.695	26.539
-7	24.695	26.539
-14	24.695	26.539
-43	24.695	26.539
-50	24.695	26.539
-57	24.695	26.539
57	17.466	26.539
50	17.466	26.539
43	17.466	26.539
36	17.466	26.539
7	17.466	26.539
-7	17.466	26.539
-36	17.466	26.539
-43	17.466	26.539
-50	17.466	26.539
-57	17.466	26.539
65	10.238	26.539
57	10.238	26.539
50	10.238	26.539
43	10.238	26.539
36	10.238	26.539
7	10.238	26.539
-7	10.238	26.539
-36	10.238	26.539
-43	10.238	26.539
-50	10.238	26.539
-57	10.238	26.539
-65	10.238	26.539
65	3.01	26.539
57	3.01	26.539
50	3.01	26.539
43	3.01	26.539
36	3.01	26.539
-36	3.01	26.539
-43	3.01	26.539
-50	3.01	26.539
-57	3.01	26.539
-65	3.01	26.539
65	-4.218	26.539
57	-4.218	26.539
50	-4.218	26.539
-50	-4.218	26.539
-57	-4.218	26.539
-65	-4.218	26.539
65	-11.45	26.539
57	-11.45	26.539
50	-11.45	26.539
7	-11.45	26.539
-7	-11.45	26.539
-50	-11.45	26.539
-57	-11.45	26.539
-65	-11.45	26.539
65	-18.68	26.539
57	-18.68	26.539
50	-18.68	26.539
7	-18.68	26.539
-7	-18.68	26.539
-50	-18.68	26.539
-57	-18.68	26.539
-65	-18.68	26.539
65	-25.9	26.539
57	-25.9	26.539
50	-25.9	26.539
7	-25.9	26.539
-7	-25.9	26.539
-50	-25.9	26.539
-57	-25.9	26.539
-65	-25.9	26.539
65	-33.13	26.539
57	-33.13	26.539
50	-33.13	26.539
7	-33.13	26.539
-7	-33.13	26.539
-50	-33.13	26.539
-57	-33.13	26.539
-65	-33.13	26.539
65	-40.36	26.539
57	-40.36	26.539
50	-40.36	26.539
7	-40.36	26.539
-7	-40.36	26.539
-50	-40.36	26.539
-57	-40.36	26.539
-65	-40.36	26.539
65	-47.59	26.539
57	-47.59	26.539
50	-47.59	26.539
7	-47.59	26.539
-7	-47.59	26.539
-50	-47.59	26.539
-57	-47.59	26.539
-65	-47.59	26.539
65	-54.82	26.539
57	-54.82	26.539
50	-54.82	26.539
14	-54.82	26.539
7	-54.82	26.539
-7	-54.82	26.539
-14	-54.82	26.539
-50	-54.82	26.539
-57	-54.82	26.539
-65	-54.82	26.539
57	-62.04	26.539
50	-62.04	26.539
43	-62.04	26.539
36	-62.04	26.539
28	-62.04	26.539
21	-62.04	26.539
14	-62.04	26.539
7	-62.04	26.539
-7	-62.04	26.539
-14	-62.04	26.539
-21	-62.04	26.539
-28	-62.04	26.539
-36	-62.04	26.539
-43	-62.04	26.539
-50	-62.04	26.539
-57	-62.04	26.539
57	-69.27	26.539
50	-69.27	26.539
43	-69.27	26.539
36	-69.27	26.539
28	-69.27	26.539
21	-69.27	26.539
14	-69.27	26.539
7	-69.27	26.539
-7	-69.27	26.539
-14	-69.27	26.539
-21	-69.27	26.539
-28	-69.27	26.539
-36	-69.27	26.539
-43	-69.27	26.539
-50	-69.27	26.539
-57	-69.27	26.539
50	-76.5	26.539
43	-76.5	26.539
36	-76.5	26.539
28	-76.5	26.539
21	-76.5	26.539
14	-76.5	26.539
7	-76.5	26.539
-7	-76.5	26.539
-14	-76.5	26.539
-21	-76.5	26.539
-28	-76.5	26.539
-36	-76.5	26.539
-43	-76.5	26.539
-50	-76.5	26.539
43	-83.73	26.539
36	-83.73	26.539
28	-83.73	26.539
21	-83.73	26.539
14	-83.73	26.539
7	-83.73	26.539
-7	-83.73	26.539
-14	-83.73	26.539
-21	-83.73	26.539
-28	-83.73	26.539
-36	-83.73	26.539
-43	-83.73	26.539
28	-90.96	26.539
21	-90.96	26.539
14	-90.96	26.539
7	-90.96	26.539
-7	-90.96	26.539
-14	-90.96	26.539
-21	-90.96	26.539
-28	-90.96	26.539
21	-98.19	26.539
14	-98.19	26.539
7	-98.19	26.539
-7	-98.19	26.539
-14	-98.19	26.539
-21	-98.19	26.539
21	60.836	33.77
14	60.836	33.77
7	60.836	33.77
-7	60.836	33.77
-14	60.836	33.77
-21	60.836	33.77
28	53.608	33.77
21	53.608	33.77
14	53.608	33.77
7	53.608	33.77
-7	53.608	33.77
-14	53.608	33.77
-21	53.608	33.77
-28	53.608	33.77
36	46.379	33.77
28	46.379	33.77
21	46.379	33.77
14	46.379	33.77
7	46.379	33.77
-7	46.379	33.77
-14	46.379	33.77
-21	46.379	33.77
-28	46.379	33.77
-36	46.379	33.77
43	39.151	33.77
36	39.151	33.77
28	39.151	33.77
21	39.151	33.77
14	39.151	33.77
7	39.151	33.77
-7	39.151	33.77
-14	39.151	33.77
-21	39.151	33.77
-28	39.151	33.77
-36	39.151	33.77
-43	39.151	33.77
43	31.923	33.77
36	31.923	33.77
28	31.923	33.77
7	31.923	33.77
-7	31.923	33.77
-28	31.923	33.77
-36	31.923	33.77
-43	31.923	33.77
50	24.695	33.77
43	24.695	33.77
36	24.695	33.77
14	24.695	33.77
7	24.695	33.77
-7	24.695	33.77
-14	24.695	33.77
-36	24.695	33.77
-43	24.695	33.77
-50	24.695	33.77
57	17.466	33.77
50	17.466	33.77
43	17.466	33.77
36	17.466	33.77
14	17.466	33.77
7	17.466	33.77
-7	17.466	33.77
-14	17.466	33.77
-36	17.466	33.77
-43	17.466	33.77
-50	17.466	33.77
-57	17.466	33.77
57	10.238	33.77
50	10.238	33.77
43	10.238	33.77
14	10.238	33.77
7	10.238	33.77
-7	10.238	33.77
-14	10.238	33.77
-43	10.238	33.77
-50	10.238	33.77
-57	10.238	33.77
65	3.01	33.77
57	3.01	33.77
50	3.01	33.77
43	3.01	33.77
36	3.01	33.77
7	3.01	33.77
-7	3.01	33.77
-36	3.01	33.77
-43	3.01	33.77
-50	3.01	33.77
-57	3.01	33.77
-65	3.01	33.77
65	-4.218	33.77
57	-4.218	33.77
50	-4.218	33.77
43	-4.218	33.77
-43	-4.218	33.77
-50	-4.218	33.77
-57	-4.218	33.77
-65	-4.218	33.77
65	-11.45	33.77
57	-11.45	33.77
50	-11.45	33.77
43	-11.45	33.77
-43	-11.45	33.77
-50	-11.45	33.77
-57	-11.45	33.77
-65	-11.45	33.77
65	-18.68	33.77
57	-18.68	33.77
43	-18.68	33.77
-43	-18.68	33.77
-57	-18.68	33.77
-65	-18.68	33.77
65	-25.9	33.77
57	-25.9	33.77
50	-25.9	33.77
14	-25.9	33.77
7	-25.9	33.77
-7	-25.9	33.77
-14	-25.9	33.77
-50	-25.9	33.77
-57	-25.9	33.77
-65	-25.9	33.77
65	-33.13	33.77
57	-33.13	33.77
50	-33.13	33.77
14	-33.13	33.77
7	-33.13	33.77
-7	-33.13	33.77
-14	-33.13	33.77
-50	-33.13	33.77
-57	-33.13	33.77
-65	-33.13	33.77
65	-40.36	33.77
57	-40.36	33.77
14	-40.36	33.77
7	-40.36	33.77
-7	-40.36	33.77
-14	-40.36	33.77
-57	-40.36	33.77
-65	-40.36	33.77
65	-47.59	33.77
57	-47.59	33.77
50	-47.59	33.77
36	-47.59	33.77
14	-47.59	33.77
7	-47.59	33.77
-7	-47.59	33.77
-14	-47.59	33.77
-36	-47.59	33.77
-50	-47.59	33.77
-57	-47.59	33.77
-65	-47.59	33.77
65	-54.82	33.77
57	-54.82	33.77
50	-54.82	33.77
43	-54.82	33.77
36	-54.82	33.77
28	-54.82	33.77
14	-54.82	33.77
7	-54.82	33.77
-7	-54.82	33.77
-14	-54.82	33.77
-28	-54.82	33.77
-36	-54.82	33.77
-43	-54.82	33.77
-50	-54.82	33.77
-57	-54.82	33.77
-65	-54.82	33.77
57	-62.04	33.77
50	-62.04	33.77
43	-62.04	33.77
36	-62.04	33.77
28	-62.04	33.77
21	-62.04	33.77
14	-62.04	33.77
7	-62.04	33.77
-7	-62.04	33.77
-14	-62.04	33.77
-21	-62.04	33.77
-28	-62.04	33.77
-36	-62.04	33.77
-43	-62.04	33.77
-50	-62.04	33.77
-57	-62.04	33.77
57	-69.27	33.77
50	-69.27	33.77
43	-69.27	33.77
36	-69.27	33.77
28	-69.27	33.77
21	-69.27	33.77
14	-69.27	33.77
7	-69.27	33.77
-7	-69.27	33.77
-14	-69.27	33.77
-21	-69.27	33.77
-28	-69.27	33.77
-36	-69.27	33.77
-43	-69.27	33.77
-50	-69.27	33.77
-57	-69.27	33.77
50	-76.5	33.77
43	-76.5	33.77
36	-76.5	33.77
28	-76.5	33.77
21	-76.5	33.77
14	-76.5	33.77
7	-76.5	33.77
-7	-76.5	33.77
-14	-76.5	33.77
-21	-76.5	33.77
-28	-76.5	33.77
-36	-76.5	33.77
-43	-76.5	33.77
-50	-76.5	33.77
43	-83.73	33.77
36	-83.73	33.77
28	-83.73	33.77
21	-83.73	33.77
14	-83.73	33.77
7	-83.73	33.77
-7	-83.73	33.77
-14	-83.73	33.77
-21	-83.73	33.77
-28	-83.73	33.77
-36	-83.73	33.77
-43	-83.73	33.77
28	-90.96	33.77
21	-90.96	33.77
14	-90.96	33.77
7	-90.96	33.77
-7	-90.96	33.77
-14	-90.96	33.77
-21	-90.96	33.77
-28	-90.96	33.77
21	53.608	41
14	53.608	41
7	53.608	41
-7	53.608	41
-14	53.608	41
-21	53.608	41
28	46.379	41
21	46.379	41
14	46.379	41
7	46.379	41
-7	46.379	41
-14	46.379	41
-21	46.379	41
-28	46.379	41
36	39.151	41
28	39.151	41
21	39.151	41
7	39.151	41
-7	39.151	41
-21	39.151	41
-28	39.151	41
-36	39.151	41
43	31.923	41
36	31.923	41
28	31.923	41
21	31.923	41
7	31.923	41
-7	31.923	41
-21	31.923	41
-28	31.923	41
-36	31.923	41
-43	31.923	41
50	24.695	41
43	24.695	41
36	24.695	41
28	24.695	41
21	24.695	41
7	24.695	41
-7	24.695	41
-21	24.695	41
-28	24.695	41
-36	24.695	41
-43	24.695	41
-50	24.695	41
50	17.466	41
43	17.466	41
36	17.466	41
28	17.466	41
14	17.466	41
7	17.466	41
-7	17.466	41
-14	17.466	41
-28	17.466	41
-36	17.466	41
-43	17.466	41
-50	17.466	41
57	10.238	41
50	10.238	41
43	10.238	41
14	10.238	41
7	10.238	41
-7	10.238	41
-14	10.238	41
-43	10.238	41
-50	10.238	41
-57	10.238	41
57	3.01	41
50	3.01	41
43	3.01	41
14	3.01	41
7	3.01	41
-7	3.01	41
-14	3.01	41
-43	3.01	41
-50	3.01	41
-57	3.01	41
57	-4.218	41
50	-4.218	41
43	-4.218	41
36	-4.218	41
14	-4.218	41
7	-4.218	41
-7	-4.218	41
-14	-4.218	41
-36	-4.218	41
-43	-4.218	41
-50	-4.218	41
-57	-4.218	41
65	-11.45	41
57	-11.45	41
14	-11.45	41
7	-11.45	41
-7	-11.45	41
-14	-11.45	41
-57	-11.45	41
-65	-11.45	41
65	-18.68	41
57	-18.68	41
50	-18.68	41
43	-18.68	41
36	-18.68	41
14	-18.68	41
7	-18.68	41
-7	-18.68	41
-14	-18.68	41
-36	-18.68	41
-43	-18.68	41
-50	-18.68	41
-57	-18.68	41
-65	-18.68	41
65	-25.9	41
57	-25.9	41
50	-25.9	41
14	-25.9	41
7	-25.9	41
-7	-25.9	41
-14	-25.9	41
-50	-25.9	41
-57	-25.9	41
-65	-25.9	41
65	-33.13	41
57	-33.13	41
50	-33.13	41
43	-33.13	41
36	-33.13	41
21	-33.13	41
14	-33.13	41
7	-33.13	41
-7	-33.13	41
-14	-33.13	41
-21	-33.13	41
-36	-33.13	41
-43	-33.13	41
-50	-33.13	41
-57	-33.13	41
-65	-33.13	41
65	-40.36	41
57	-40.36	41
50	-40.36	41
43	-40.36	41
36	-40.36	41
14	-40.36	41
7	-40.36	41
-7	-40.36	41
-14	-40.36	41
-36	-40.36	41
-43	-40.36	41
-50	-40.36	41
-57	-40.36	41
-65	-40.36	41
65	-47.59	41
57	-47.59	41
43	-47.59	41
36	-47.59	41
14	-47.59	41
7	-47.59	41
-7	-47.59	41
-14	-47.59	41
-36	-47.59	41
-43	-47.59	41
-57	-47.59	41
-65	-47.59	41
57	-54.82	41
50	-54.82	41
43	-54.82	41
36	-54.82	41
28	-54.82	41
7	-54.82	41
-7	-54.82	41
-28	-54.82	41
-36	-54.82	41
-43	-54.82	41
-50	-54.82	41
-57	-54.82	41
57	-62.04	41
50	-62.04	41
43	-62.04	41
36	-62.04	41
28	-62.04	41
14	-62.04	41
7	-62.04	41
-7	-62.04	41
-14	-62.04	41
-28	-62.04	41
-36	-62.04	41
-43	-62.04	41
-50	-62.04	41
-57	-62.04	41
50	-69.27	41
43	-69.27	41
36	-69.27	41
28	-69.27	41
21	-69.27	41
14	-69.27	41
7	-69.27	41
-7	-69.27	41
-14	-69.27	41
-21	-69.27	41
-28	-69.27	41
-36	-69.27	41
-43	-69.27	41
-50	-69.27	41
43	-76.5	41
36	-76.5	41
28	-76.5	41
21	-76.5	41
14	-76.5	41
7	-76.5	41
-7	-76.5	41
-14	-76.5	41
-21	-76.5	41
-28	-76.5	41
-36	-76.5	41
-43	-76.5	41
36	-83.73	41
28	-83.73	41
21	-83.73	41
14	-83.73	41
7	-83.73	41
-7	-83.73	41
-14	-83.73	41
-21	-83.73	41
-28	-83.73	41
-36	-83.73	41
21	-90.96	41
14	-90.96	41
-14	-90.96	41
-21	-90.96	41
7	53.608	48.22
-7	53.608	48.22
21	46.379	48.22
14	46.379	48.22
7	46.379	48.22
-7	46.379	48.22
-14	46.379	48.22
-21	46.379	48.22
28	39.151	48.22
21	39.151	48.22
14	39.151	48.22
7	39.151	48.22
-7	39.151	48.22
-14	39.151	48.22
-21	39.151	48.22
-28	39.151	48.22
36	31.923	48.22
28	31.923	48.22
21	31.923	48.22
7	31.923	48.22
-7	31.923	48.22
-21	31.923	48.22
-28	31.923	48.22
-36	31.923	48.22
43	24.695	48.22
36	24.695	48.22
28	24.695	48.22
21	24.695	48.22
7	24.695	48.22
-7	24.695	48.22
-21	24.695	48.22
-28	24.695	48.22
-36	24.695	48.22
-43	24.695	48.22
43	17.466	48.22
28	17.466	48.22
21	17.466	48.22
7	17.466	48.22
-7	17.466	48.22
-21	17.466	48.22
-28	17.466	48.22
-43	17.466	48.22
50	10.238	48.22
43	10.238	48.22
28	10.238	48.22
7	10.238	48.22
-7	10.238	48.22
-28	10.238	48.22
-43	10.238	48.22
-50	10.238	48.22
50	3.01	48.22
43	3.01	48.22
36	3.01	48.22
28	3.01	48.22
21	3.01	48.22
14	3.01	48.22
7	3.01	48.22
-7	3.01	48.22
-14	3.01	48.22
-21	3.01	48.22
-28	3.01	48.22
-36	3.01	48.22
-43	3.01	48.22
-50	3.01	48.22
57	-4.218	48.22
50	-4.218	48.22
43	-4.218	48.22
36	-4.218	48.22
28	-4.218	48.22
14	-4.218	48.22
7	-4.218	48.22
-7	-4.218	48.22
-14	-4.218	48.22
-28	-4.218	48.22
-36	-4.218	48.22
-43	-4.218	48.22
-50	-4.218	48.22
-57	-4.218	48.22
57	-11.45	48.22
50	-11.45	48.22
43	-11.45	48.22
28	-11.45	48.22
21	-11.45	48.22
14	-11.45	48.22
7	-11.45	48.22
-7	-11.45	48.22
-14	-11.45	48.22
-21	-11.45	48.22
-28	-11.45	48.22
-43	-11.45	48.22
-50	-11.45	48.22
-57	-11.45	48.22
57	-18.68	48.22
50	-18.68	48.22
43	-18.68	48.22
36	-18.68	48.22
14	-18.68	48.22
7	-18.68	48.22
-7	-18.68	48.22
-14	-18.68	48.22
-36	-18.68	48.22
-43	-18.68	48.22
-50	-18.68	48.22
-57	-18.68	48.22
57	-25.9	48.22
50	-25.9	48.22
43	-25.9	48.22
36	-25.9	48.22
7	-25.9	48.22
-7	-25.9	48.22
-36	-25.9	48.22
-43	-25.9	48.22
-50	-25.9	48.22
-57	-25.9	48.22
57	-33.13	48.22
50	-33.13	48.22
43	-33.13	48.22
36	-33.13	48.22
14	-33.13	48.22
7	-33.13	48.22
-7	-33.13	48.22
-14	-33.13	48.22
-36	-33.13	48.22
-43	-33.13	48.22
-50	-33.13	48.22
-57	-33.13	48.22
57	-40.36	48.22
50	-40.36	48.22
43	-40.36	48.22
36	-40.36	48.22
21	-40.36	48.22
14	-40.36	48.22
7	-40.36	48.22
-7	-40.36	48.22
-14	-40.36	48.22
-21	-40.36	48.22
-36	-40.36	48.22
-43	-40.36	48.22
-50	-40.36	48.22
-57	-40.36	48.22
57	-47.59	48.22
50	-47.59	48.22
43	-47.59	48.22
36	-47.59	48.22
14	-47.59	48.22
7	-47.59	48.22
-7	-47.59	48.22
-14	-47.59	48.22
-36	-47.59	48.22
-43	-47.59	48.22
-50	-47.59	48.22
-57	-47.59	48.22
57	-54.82	48.22
50	-54.82	48.22
43	-54.82	48.22
36	-54.82	48.22
28	-54.82	48.22
14	-54.82	48.22
7	-54.82	48.22
-7	-54.82	48.22
-14	-54.82	48.22
-28	-54.82	48.22
-36	-54.82	48.22
-43	-54.82	48.22
-50	-54.82	48.22
-57	-54.82	48.22
50	-62.04	48.22
43	-62.04	48.22
36	-62.04	48.22
28	-62.04	48.22
21	-62.04	48.22
14	-62.04	48.22
7	-62.04	48.22
-7	-62.04	48.22
-14	-62.04	48.22
-21	-62.04	48.22
-28	-62.04	48.22
-36	-62.04	48.22
-43	-62.04	48.22
-50	-62.04	48.22
43	-69.27	48.22
36	-69.27	48.22
28	-69.27	48.22
21	-69.27	48.22
14	-69.27	48.22
7	-69.27	48.22
-7	-69.27	48.22
-14	-69.27	48.22
-21	-69.27	48.22
-28	-69.27	48.22
-36	-69.27	48.22
-43	-69.27	48.22
36	-76.5	48.22
28	-76.5	48.22
21	-76.5	48.22
14	-76.5	48.22
7	-76.5	48.22
-7	-76.5	48.22
-14	-76.5	48.22
-21	-76.5	48.22
-28	-76.5	48.22
-36	-76.5	48.22
21	-83.73	48.22
14	-83.73	48.22
7	-83.73	48.22
-7	-83.73	48.22
-14	-83.73	48.22
-21	-83.73	48.22
21	39.151	55.45
14	39.151	55.45
7	39.151	55.45
-7	39.151	55.45
-14	39.151	55.45
-21	39.151	55.45
28	31.923	55.45
21	31.923	55.45
14	31.923	55.45
7	31.923	55.45
-7	31.923	55.45
-14	31.923	55.45
-21	31.923	55.45
-28	31.923	55.45
36	24.695	55.45
28	24.695	55.45
21	24.695	55.45
14	24.695	55.45
7	24.695	55.45
-7	24.695	55.45
-14	24.695	55.45
-21	24.695	55.45
-28	24.695	55.45
-36	24.695	55.45
43	17.466	55.45
36	17.466	55.45
28	17.466	55.45
21	17.466	55.45
14	17.466	55.45
7	17.466	55.45
-7	17.466	55.45
-14	17.466	55.45
-21	17.466	55.45
-28	17.466	55.45
-36	17.466	55.45
-43	17.466	55.45
43	10.238	55.45
36	10.238	55.45
28	10.238	55.45
14	10.238	55.45
7	10.238	55.45
-7	10.238	55.45
-14	10.238	55.45
-28	10.238	55.45
-36	10.238	55.45
-43	10.238	55.45
50	3.01	55.45
43	3.01	55.45
36	3.01	55.45
28	3.01	55.45
21	3.01	55.45
7	3.01	55.45
-7	3.01	55.45
-21	3.01	55.45
-28	3.01	55.45
-36	3.01	55.45
-43	3.01	55.45
-50	3.01	55.45
50	-4.218	55.45
43	-4.218	55.45
36	-4.218	55.45
28	-4.218	55.45
21	-4.218	55.45
14	-4.218	55.45
7	-4.218	55.45
-7	-4.218	55.45
-14	-4.218	55.45
-21	-4.218	55.45
-28	-4.218	55.45
-36	-4.218	55.45
-43	-4.218	55.45
-50	-4.218	55.45
50	-11.45	55.45
43	-11.45	55.45
36	-11.45	55.45
28	-11.45	55.45
21	-11.45	55.45
14	-11.45	55.45
7	-11.45	55.45
-7	-11.45	55.45
-14	-11.45	55.45
-21	-11.45	55.45
-28	-11.45	55.45
-36	-11.45	55.45
-43	-11.45	55.45
-50	-11.45	55.45
57	-18.68	55.45
50	-18.68	55.45
43	-18.68	55.45
36	-18.68	55.45
7	-18.68	55.45
-7	-18.68	55.45
-36	-18.68	55.45
-43	-18.68	55.45
-50	-18.68	55.45
-57	-18.68	55.45
57	-25.9	55.45
50	-25.9	55.45
43	-25.9	55.45
36	-25.9	55.45
28	-25.9	55.45
21	-25.9	55.45
7	-25.9	55.45
-7	-25.9	55.45
-21	-25.9	55.45
-28	-25.9	55.45
-36	-25.9	55.45
-43	-25.9	55.45
-50	-25.9	55.45
-57	-25.9	55.45
57	-33.13	55.45
50	-33.13	55.45
43	-33.13	55.45
36	-33.13	55.45
28	-33.13	55.45
21	-33.13	55.45
7	-33.13	55.45
-7	-33.13	55.45
-21	-33.13	55.45
-28	-33.13	55.45
-36	-33.13	55.45
-43	-33.13	55.45
-50	-33.13	55.45
-57	-33.13	55.45
50	-40.36	55.45
43	-40.36	55.45
36	-40.36	55.45
28	-40.36	55.45
14	-40.36	55.45
7	-40.36	55.45
-7	-40.36	55.45
-14	-40.36	55.45
-28	-40.36	55.45
-36	-40.36	55.45
-43	-40.36	55.45
-50	-40.36	55.45
50	-47.59	55.45
43	-47.59	55.45
36	-47.59	55.45
28	-47.59	55.45
14	-47.59	55.45
7	-47.59	55.45
-7	-47.59	55.45
-14	-47.59	55.45
-28	-47.59	55.45
-36	-47.59	55.45
-43	-47.59	55.45
-50	-47.59	55.45
50	-54.82	55.45
43	-54.82	55.45
36	-54.82	55.45
28	-54.82	55.45
21	-54.82	55.45
14	-54.82	55.45
7	-54.82	55.45
-7	-54.82	55.45
-14	-54.82	55.45
-21	-54.82	55.45
-28	-54.82	55.45
-36	-54.82	55.45
-43	-54.82	55.45
-50	-54.82	55.45
43	-62.04	55.45
36	-62.04	55.45
28	-62.04	55.45
21	-62.04	55.45
14	-62.04	55.45
7	-62.04	55.45
-7	-62.04	55.45
-14	-62.04	55.45
-21	-62.04	55.45
-28	-62.04	55.45
-36	-62.04	55.45
-43	-62.04	55.45
36	-69.27	55.45
28	-69.27	55.45
21	-69.27	55.45
14	-69.27	55.45
7	-69.27	55.45
-7	-69.27	55.45
-14	-69.27	55.45
-21	-69.27	55.45
-28	-69.27	55.45
-36	-69.27	55.45
21	-76.5	55.45
14	-76.5	55.45
7	-76.5	55.45
-7	-76.5	55.45
-14	-76.5	55.45
-21	-76.5	55.45
14	31.923	62.68
7	31.923	62.68
-7	31.923	62.68
-14	31.923	62.68
21	24.695	62.68
14	24.695	62.68
7	24.695	62.68
-7	24.695	62.68
-14	24.695	62.68
-21	24.695	62.68
28	17.466	62.68
21	17.466	62.68
14	17.466	62.68
7	17.466	62.68
-7	17.466	62.68
-14	17.466	62.68
-21	17.466	62.68
-28	17.466	62.68
36	10.238	62.68
28	10.238	62.68
21	10.238	62.68
14	10.238	62.68
7	10.238	62.68
-7	10.238	62.68
-14	10.238	62.68
-21	10.238	62.68
-28	10.238	62.68
-36	10.238	62.68
43	3.01	62.68
36	3.01	62.68
28	3.01	62.68
21	3.01	62.68
14	3.01	62.68
7	3.01	62.68
-7	3.01	62.68
-14	3.01	62.68
-21	3.01	62.68
-28	3.01	62.68
-36	3.01	62.68
-43	3.01	62.68
43	-4.218	62.68
36	-4.218	62.68
28	-4.218	62.68
21	-4.218	62.68
14	-4.218	62.68
7	-4.218	62.68
-7	-4.218	62.68
-14	-4.218	62.68
-21	-4.218	62.68
-28	-4.218	62.68
-36	-4.218	62.68
-43	-4.218	62.68
43	-11.45	62.68
36	-11.45	62.68
28	-11.45	62.68
21	-11.45	62.68
14	-11.45	62.68
7	-11.45	62.68
-7	-11.45	62.68
-14	-11.45	62.68
-21	-11.45	62.68
-28	-11.45	62.68
-36	-11.45	62.68
-43	-11.45	62.68
43	-18.68	62.68
36	-18.68	62.68
21	-18.68	62.68
7	-18.68	62.68
-7	-18.68	62.68
-21	-18.68	62.68
-36	-18.68	62.68
-43	-18.68	62.68
50	-25.9	62.68
43	-25.9	62.68
36	-25.9	62.68
28	-25.9	62.68
21	-25.9	62.68
7	-25.9	62.68
-7	-25.9	62.68
-21	-25.9	62.68
-28	-25.9	62.68
-36	-25.9	62.68
-43	-25.9	62.68
-50	-25.9	62.68
50	-33.13	62.68
43	-33.13	62.68
36	-33.13	62.68
28	-33.13	62.68
21	-33.13	62.68
14	-33.13	62.68
7	-33.13	62.68
-7	-33.13	62.68
-14	-33.13	62.68
-21	-33.13	62.68
-28	-33.13	62.68
-36	-33.13	62.68
-43	-33.13	62.68
-50	-33.13	62.68
43	-40.36	62.68
36	-40.36	62.68
28	-40.36	62.68
21	-40.36	62.68
14	-40.36	62.68
7	-40.36	62.68
-7	-40.36	62.68
-14	-40.36	62.68
-21	-40.36	62.68
-28	-40.36	62.68
-36	-40.36	62.68
-43	-40.36	62.68
43	-47.59	62.68
36	-47.59	62.68
28	-47.59	62.68
21	-47.59	62.68
14	-47.59	62.68
7	-47.59	62.68
-7	-47.59	62.68
-14	-47.59	62.68
-21	-47.59	62.68
-28	-47.59	62.68
-36	-47.59	62.68
-43	-47.59	62.68
36	-54.82	62.68
28	-54.82	62.68
21	-54.82	62.68
14	-54.82	62.68
7	-54.82	62.68
-7	-54.82	62.68
-14	-54.82	62.68
-21	-54.82	62.68
-28	-54.82	62.68
-36	-54.82	62.68
36	-62.04	62.68
28	-62.04	62.68
21	-62.04	62.68
14	-62.04	62.68
7	-62.04	62.68
-7	-62.04	62.68
-14	-62.04	62.68
-21	-62.04	62.68
-28	-62.04	62.68
-36	-62.04	62.68
28	-69.27	62.68
21	-69.27	62.68
14	-69.27	62.68
7	-69.27	62.68
-7	-69.27	62.68
-14	-69.27	62.68
-21	-69.27	62.68
-28	-69.27	62.68
14	17.466	69.91
-14	17.466	69.91
21	10.238	69.91
14	10.238	69.91
7	10.238	69.91
-7	10.238	69.91
-14	10.238	69.91
-21	10.238	69.91
28	3.01	69.91
21	3.01	69.91
14	3.01	69.91
7	3.01	69.91
-7	3.01	69.91
-14	3.01	69.91
-21	3.01	69.91
-28	3.01	69.91
28	-4.218	69.91
21	-4.218	69.91
14	-4.218	69.91
7	-4.218	69.91
-7	-4.218	69.91
-14	-4.218	69.91
-21	-4.218	69.91
-28	-4.218	69.91
28	-11.45	69.91
21	-11.45	69.91
14	-11.45	69.91
7	-11.45	69.91
-7	-11.45	69.91
-14	-11.45	69.91
-21	-11.45	69.91
-28	-11.45	69.91
36	-18.68	69.91
28	-18.68	69.91
21	-18.68	69.91
14	-18.68	69.91
7	-18.68	69.91
-7	-18.68	69.91
-14	-18.68	69.91
-21	-18.68	69.91
-28	-18.68	69.91
-36	-18.68	69.91
36	-25.9	69.91
28	-25.9	69.91
21	-25.9	69.91
14	-25.9	69.91
7	-25.9	69.91
-7	-25.9	69.91
-14	-25.9	69.91
-21	-25.9	69.91
-28	-25.9	69.91
-36	-25.9	69.91
36	-33.13	69.91
28	-33.13	69.91
21	-33.13	69.91
14	-33.13	69.91
7	-33.13	69.91
-7	-33.13	69.91
-14	-33.13	69.91
-21	-33.13	69.91
-28	-33.13	69.91
-36	-33.13	69.91
36	-40.36	69.91
28	-40.36	69.91
21	-40.36	69.91
14	-40.36	69.91
7	-40.36	69.91
-7	-40.36	69.91
-14	-40.36	69.91
-21	-40.36	69.91
-28	-40.36	69.91
-36	-40.36	69.91
36	-47.59	69.91
28	-47.59	69.91
21	-47.59	69.91
14	-47.59	69.91
7	-47.59	69.91
-7	-47.59	69.91
-14	-47.59	69.91
-21	-47.59	69.91
-28	-47.59	69.91
-36	-47.59	69.91
28	-54.82	69.91
21	-54.82	69.91
14	-54.82	69.91
7	-54.82	69.91
-7	-54.82	69.91
-14	-54.82	69.91
-21	-54.82	69.91
-28	-54.82	69.91
21	-62.04	69.91
14	-62.04	69.91
-14	-62.04	69.91
-21	-62.04	69.91
14	-4.218	77.14
7	-4.218	77.14
-7	-4.218	77.14
-14	-4.218	77.14
14	-11.45	77.14
7	-11.45	77.14
-7	-11.45	77.14
-14	-11.45	77.14
28	-18.68	77.14
21	-18.68	77.14
14	-18.68	77.14
7	-18.68	77.14
-7	-18.68	77.14
-14	-18.68	77.14
-21	-18.68	77.14
-28	-18.68	77.14
21	-25.9	77.14
14	-25.9	77.14
7	-25.9	77.14
-7	-25.9	77.14
-14	-25.9	77.14
-21	-25.9	77.14
28	-33.13	77.14
21	-33.13	77.14
14	-33.13	77.14
7	-33.13	77.14
-7	-33.13	77.14
-14	-33.13	77.14
-21	-33.13	77.14
-28	-33.13	77.14
21	-40.36	77.14
14	-40.36	77.14
7	-40.36	77.14
-7	-40.36	77.14
-14	-40.36	77.14
-21	-40.36	77.14
21	-47.59	77.14
14	-47.59	77.14
7	-47.59	77.14
-7	-47.59	77.14
-14	-47.59	77.14
-21	-47.59	77.14
14	-54.82	77.14
-14	-54.82	77.14
